label	kd	estimate	se	ci_lower	ci_upper	p	N	N_reps	N_successful
sweep	0.5	 .3151919176	 .1050923419	 .1140096448	 .5223851502	       .0024	        2011	       10000	       10000
sweep	1	 .3031863322	 .1064593797	 .0952438973	 .5105460882	       .0036	        2011	       10000	       10000
sweep	1.5	 .2908977569	 .1098538286	 .0709600821	 .5001372397	        .011	        2011	       10000	       10000
sweep	2	 .2783111526	 .1155137024	 .0396458413	 .4916346818	       .0232	        2011	       10000	       10000
sweep	2.5	 .2654102792	 .1236761336	-.0008234812	 .4830732346	       .0504	        2011	       10000	       10000
sweep	3	 .2521775674	 .1346452359	-.0529467016	 .4762372077	       .0902	        2011	       10000	       10000
sweep	3.5	 .2385939732	 .1489642432	-.1170150116	 .4705466181	       .1488	        2011	       10000	       10000
sweep	4	 .2246388125	 .1680864498	-.1872034296	  .465243578	       .2084	        2011	       10000	       10000
grouped	0.1	 .3075067956	 .1074965154	 .1001084223	 .5199273229	       .0022	        2011	       10000	       10000
grouped	0.2	 .2876551526	 .1103445153	 .0699102096	 .5012976527	       .0084	        2011	       10000	       10000
grouped	0.3	 .2673533658	  .114084072	 .0406476464	 .4854810387	       .0214	        2011	       10000	       10000
grouped	0.4	 .2465798866	 .1187557842	 .0074297541	 .4701600969	       .0436	        2011	       10000	       10000
grouped	0.5	 .2253116644	 .1243957472	-.0313948747	 .4559408426	       .0868	        2011	       10000	       10000
