label	kd	estimate	se	ci_lower	ci_upper	p	N	N_reps	N_successful
first	.	 .3031863322	 .1079588325	 .0919354632	 .5172609985	        .002	        2011	        1000	        1000
sweep	0.5	 .3151919176	 .1072651729	 .1095154658	 .5353810191	           0	        2011	        1000	        1000
sweep	1	 .3031863322	 .1079588325	 .0919354632	 .5172609985	        .002	        2011	        1000	        1000
sweep	1.5	 .2908977569	 .1107451457	 .0642633364	 .5088630617	        .012	        2011	        1000	        1000
sweep	2	 .2783111526	 .1159404341	 .0345894638	 .4965612888	        .024	        2011	        1000	        1000
sweep	2.5	 .2654102792	 .1238834798	 .0069379553	 .4904263765	        .046	        2011	        1000	        1000
sweep	3	 .2521775674	 .1350246432	-.0396978371	 .4845612645	        .084	        2011	        1000	        1000
sweep	3.5	 .2385939732	 .1501476783	-.0826041661	 .4777839482	        .134	        2011	        1000	        1000
sweep	4	 .2246388125	 .1709610233	-.1324731559	 .4701329321	        .188	        2011	        1000	        1000
program	.	 .3031863322	 .1079588325	 .0919354632	 .5172609985	        .002	        2011	        1000	        1000
